Channel2: 
Date: 2018/5/26  0:46:24

Time: 2.0000000000 sec, Current: 2.0000000000 A
Time: 2.0000000000 sec, Current: 2.0000000000 A
Time: 2.0000000000 sec, Current: 2.0000000000 A
